[3195 3280] [3195 3280]
4012 4012
4104 4104
4843 4843
5234 5234
5847 5847
5876 5876
5926 5926
6019 6019
6268 6268
6324 6324
8056 8056
9283 9283
13496 13496
13595 13595
14183 14183
14277 14277
16130 16130
16755 16755
18352 18352
18596 18596
18754 18754
18834 18834
19033 19033
[20416 20516] [20416 20516]
20517 20517
21574 21574
21681 21681
21839 21839
21900 21900
22126 22126
22233 22233
22503 22503
22895 22895
23133 23133
25094 25094
26462 26462
26736 26736
26806 26806
27253 27253
27518 27518
27666 27666
27992 27992
28383 28383
28497 28497
29144 29144
29223 29223
30162 30162
31818 31818
32104 32104
34067 34067
34555 34555
34777 34777
36234 36234
36953 36953
36989 36989
37349 37349
37467 37467
37936 37936
39442 39442
39549 39549
39711 39711
40184 40184
40317 40317
40691 40691
41098 41098
42139 42139
43414 43414
43777 43777
43850 43850
44130 44130
44524 44524
45068 45068
45432 45432
47102 47102
47803 47803
48731 48731
49162 49162
53561 53561
53648 53648
[54329 54344] [54329 54344]
54699 54699
55637 55637
57132 57132
58788 58788
59478 59478
62722 62722
64323 64323
64649 64649
69659 69659
70349 70349
70492 70492