[816 1181]
[1602 1905]
[2286 2350]
[2352 2377]
[2989 3010]
[4748 4842]
[5190 5233]
[5235 5449]
[5985 6018]
[6085 6267]
[7107 7393]
[8016 8055]
[8391 8548]
[8827 9193]
[9240 9282]
[13868 14182]
[14742 15861]
[15973 16129]
[16131 16152]
[18597 18753]
[19216 19260]
[20208 20323]
[21306 21549]
[21840 21899]
[22474 22502]
[23268 23313]
[24848 24926]
[25661 25995]
[26736 26805]
[26807 26879]
[27364 27517]
[27519 27665]
[27667 27854]
[27905 27991]
[28384 28496]
[28980 29143]
[29187 29222]
[29224 29301]
[30075 30161]
[30163 30346]
[30568 30966]
[31158 31195]
[32207 34066]
[34356 34554]
[39473 39548]
[39792 39897]
[40231 40316]
[40692 40721]
[40854 41097]
[41418 42138]
[42140 43413]
[43696 43776]
[44079 44129]
[45433 45525]
[46216 46441]
[46778 47101]
[47103 47802]
[48030 48730]
[49281 51557]
[51664 52741]
[53478 53560]
[54208 54304]
[54345 54698]
[54700 55033]
[56237 56841]
[57760 58254]
[58715 58787]
[59341 59477]
[62353 62685]
[66835 66835]
[67944 68162]
[68949 69148]
[70199 70257]